final solution (found at iteration 26 )
final tabu list:
[56.0, 73.0, 72.0, 65.0, 66.0, 75.0, 0, 76.0, 58.0, 59.0, 74.0, 0, 0, 60.0, 62.0, 
0, 52.0, 0, 0, 0, 61.0, 68.0, 0, 63.0, 0, 0, 53.0, 0, 0, 69.0, 0, 0, 0, 0, 0, 0, 0, 0, 0, 0, 0, 0, 0, 0, 0, 0, 0, 0, 0, 0, 0, 70.0, 0, 0, 0, 0, 0, 0, 54.0, 0, 0, 0, 0, 0, 0, 0, 0, 0, 0, 55.0, 0, 0, 0, 0, 0, 0, 0, 0, 0, 0, 0, 0, 0, 0, 0, 0, 71.0, 
0, 0, 0, 0, 0, 0, 0, 0, 0, 0, 0, 0, 0]
total time: 42.282 s
avg time: 1.626 s

final solution (found at iteration 27 )
final tabu list:
[76.0, 68.0, 60.0, 74.0, 61.0, 62.0, 75.0, 57.0, 0, 69.0, 0, 0, 0, 51.0, 0, 77.0, 
70.0, 0, 0, 0, 63.0, 0, 71.0, 0, 0, 65.0, 0, 0, 53.0, 54.0, 0, 0, 0, 0, 66.0, 0, 0, 55.0, 0, 0, 0, 58.0, 0, 56.0, 0, 0, 0, 0, 0, 72.0, 0, 0, 0, 0, 0, 0, 0, 0, 0, 0, 0, 59.0, 0, 0, 0, 0, 67.0, 0, 0, 0, 0, 0, 0, 0, 0, 0, 0, 0, 0, 0, 0, 0, 0, 0, 0, 
0, 0, 0, 0, 0, 0, 0, 0, 0, 0, 0, 0, 0, 0, 0]
total time: 39.113 s
avg time: 1.449 s

final solution (found at iteration 25 )
final tabu list:
[55.0, 66.0, 72.0, 67.0, 73.0, 74.0, 59.0, 56.0, 57.0, 0, 0, 0, 0, 0, 60.0, 0, 0, 
0, 51.0, 0, 68.0, 61.0, 52.0, 0, 0, 0, 0, 0, 75.0, 0, 0, 0, 62.0, 0, 0, 0, 0, 0, 63.0, 0, 0, 0, 69.0, 0, 0, 70.0, 0, 71.0, 0, 0, 64.0, 0, 0, 54.0, 0, 0, 0, 0, 0, 0, 0, 0, 0, 0, 0, 0, 0, 0, 0, 0, 0, 0, 0, 0, 0, 0, 0, 0, 0, 0, 0, 0, 0, 0, 0, 0, 0, 
0, 0, 0, 0, 0, 0, 0, 0, 0, 0, 0, 0, 0]
total time: 39.290 s
avg time: 1.572 s

final solution (found at iteration 22 )
final tabu list:
[53.0, 0, 0, 0, 0, 0, 54.0, 59.0, 65.0, 0, 69.0, 0, 60.0, 0, 66.0, 0, 0, 0, 55.0, 
0, 61.0, 51.0, 0, 67.0, 0, 62.0, 68.0, 63.0, 0, 0, 0, 0, 0, 70.0, 64.0, 0, 0, 0, 0, 52.0, 0, 0, 0, 0, 56.0, 0, 0, 0, 57.0, 0, 0, 0, 0, 0, 0, 0, 0, 0, 58.0, 0, 0, 0, 0, 0, 0, 0, 0, 0, 0, 0, 0, 0, 0, 71.0, 0, 0, 72.0, 0, 0, 0, 0, 0, 0, 0, 0, 0, 0, 
0, 0, 0, 0, 0, 0, 0, 0, 0, 0, 0, 0, 0]
total time: 35.023 s
avg time: 1.592 s

final solution (found at iteration 27 )
final tabu list:
[60.0, 68.0, 70.0, 72.0, 63.0, 75.0, 76.0, 73.0, 0, 0, 51.0, 0, 71.0, 62.0, 0, 0, 
0, 77.0, 0, 0, 0, 64.0, 0, 0, 52.0, 0, 53.0, 0, 0, 0, 0, 0, 54.0, 0, 0, 0, 0, 0, 57.0, 0, 0, 0, 0, 58.0, 69.0, 0, 0, 0, 0, 0, 74.0, 0, 0, 0, 65.0, 0, 59.0, 0, 0, 0, 0, 0, 55.0, 0, 0, 0, 0, 0, 0, 0, 0, 0, 0, 0, 0, 0, 0, 0, 0, 0, 0, 0, 0, 0, 0, 0, 
66.0, 0, 0, 0, 0, 0, 0, 0, 0, 0, 0, 0, 0, 0]
total time: 42.815 s
avg time: 1.586 s

final solution (found at iteration 24 )
final tabu list:
[60.0, 0, 57.0, 66.0, 67.0, 69.0, 51.0, 0, 0, 52.0, 0, 58.0, 59.0, 70.0, 63.0, 0, 
0, 0, 0, 0, 0, 0, 0, 71.0, 72.0, 64.0, 0, 0, 53.0, 0, 0, 0, 0, 0, 0, 0, 0, 0, 0, 65.0, 0, 0, 68.0, 0, 0, 0, 0, 54.0, 0, 0, 0, 0, 0, 0, 0, 0, 0, 0, 0, 55.0, 0, 0, 0, 0, 0, 0, 0, 73.0, 0, 0, 0, 0, 0, 0, 0, 0, 0, 74.0, 0, 0, 0, 56.0, 0, 0, 0, 0, 0, 
0, 0, 0, 0, 0, 0, 0, 0, 0, 0, 0, 0, 0]
total time: 37.952 s
avg time: 1.581 s

final solution (found at iteration 25 )
final tabu list:
[54.0, 70.0, 71.0, 51.0, 56.0, 60.0, 73.0, 0, 0, 0, 0, 62.0, 52.0, 0, 0, 57.0, 53.0, 0, 0, 0, 66.0, 0, 0, 0, 63.0, 75.0, 0, 0, 0, 0, 0, 0, 0, 0, 0, 0, 0, 0, 67.0, 58.0, 59.0, 0, 0, 0, 74.0, 0, 0, 0, 0, 0, 0, 0, 0, 0, 0, 0, 72.0, 0, 0, 0, 0, 0, 0, 0, 0, 0, 0, 0, 68.0, 0, 0, 0, 0, 0, 0, 0, 0, 0, 0, 0, 0, 0, 0, 69.0, 0, 0, 0, 0, 
0, 0, 0, 0, 0, 0, 0, 0, 0, 0, 0, 0]
total time: 40.005 s
avg time: 1.600 s

final solution (found at iteration 26 )
final tabu list:
[72.0, 61.0, 74.0, 62.0, 66.0, 67.0, 0, 57.0, 51.0, 75.0, 0, 52.0, 0, 0, 0, 68.0, 
53.0, 0, 69.0, 0, 0, 70.0, 0, 0, 0, 54.0, 0, 0, 0, 0, 0, 0, 63.0, 0, 0, 0, 73.0, 58.0, 71.0, 0, 0, 64.0, 0, 0, 0, 0, 0, 0, 0, 0, 0, 0, 0, 0, 0, 59.0, 55.0, 0, 0, 0, 0, 0, 0, 0, 0, 0, 76.0, 0, 0, 0, 0, 0, 0, 0, 0, 0, 0, 0, 0, 0, 0, 0, 0, 0, 0, 0, 
0, 0, 65.0, 0, 0, 0, 0, 0, 0, 0, 0, 0, 0, 0]
total time: 39.777 s
avg time: 1.530 s

final solution (found at iteration 26 )
final tabu list:
[54.0, 61.0, 71.0, 72.0, 55.0, 56.0, 0, 62.0, 74.0, 0, 0, 0, 0, 0, 0, 0, 57.0, 0, 
63.0, 0, 51.0, 64.0, 0, 65.0, 66.0, 0, 0, 73.0, 75.0, 58.0, 76.0, 0, 0, 0, 0, 0, 0, 0, 0, 0, 0, 0, 59.0, 0, 0, 0, 0, 0, 52.0, 60.0, 53.0, 0, 0, 0, 0, 0, 0, 67.0, 68.0, 0, 0, 0, 0, 0, 0, 0, 0, 0, 0, 0, 0, 0, 0, 0, 0, 0, 0, 0, 0, 0, 0, 0, 0, 0, 0, 
0, 0, 0, 0, 0, 0, 0, 0, 0, 0, 0, 0, 0, 0, 0]
total time: 41.015 s
avg time: 1.578 s

final solution (found at iteration 28 )
final tabu list:
[51.0, 66.0, 67.0, 78.0, 0, 57.0, 52.0, 0, 68.0, 70.0, 61.0, 76.0, 64.0, 71.0, 75.0, 62.0, 53.0, 77.0, 54.0, 0, 0, 63.0, 72.0, 0, 58.0, 0, 0, 0, 0, 0, 0, 0, 0, 0, 0, 0, 0, 65.0, 0, 0, 0, 0, 0, 69.0, 0, 0, 73.0, 0, 0, 0, 55.0, 0, 0, 0, 0, 0, 0, 0, 0, 0, 0, 0, 0, 0, 0, 0, 0, 0, 0, 0, 0, 0, 0, 0, 0, 0, 0, 0, 0, 0, 0, 0, 0, 0, 0, 
0, 0, 0, 0, 0, 0, 0, 0, 0, 0, 0, 0, 0, 0, 0]
total time: 42.380 s
avg time: 1.514 s

