final solution (found at iteration 42 )
final tabu list:
[132.0, 133.0, 0, 0, 109.0, 0, 121.0, 135.0, 134.0, 0, 136.0, 0, 140.0, 0, 138.0, 
122.0, 110.0, 0, 123.0, 0, 0, 0, 139.0, 0, 0, 0, 0, 101.0, 102.0, 0, 0, 0, 0, 103.0, 141.0, 111.0, 112.0, 0, 0, 0, 113.0, 0, 0, 124.0, 125.0, 104.0, 0, 0, 0, 0, 114.0, 0, 0, 0, 0, 0, 0, 0, 0, 0, 0, 0, 0, 0, 0, 115.0, 0, 116.0, 0, 0, 0, 0, 0, 0, 0, 0, 0, 142.0, 0, 0, 105.0, 0, 0, 0, 0, 0, 106.0, 0, 0, 0, 0, 0, 0, 0, 0, 117.0, 0, 127.0, 0, 0, 128.0, 0, 0, 0, 0, 0, 0, 0, 0, 0, 0, 0, 0, 0, 0, 0, 129.0, 0, 0, 0, 0, 0, 0, 0, 107.0, 0, 0, 0, 0, 0, 0, 0, 0, 130.0, 0, 0, 0, 0, 0, 131.0, 0, 0, 0, 
118.0, 0, 0, 0, 0, 0, 0, 0, 0, 0, 0, 0, 0, 0, 0, 0, 0, 0, 0, 0, 0, 0, 0, 0, 0, 0, 
0, 0, 0, 0, 0, 0, 0, 0, 0, 0, 0, 0, 0, 0, 0, 0, 0, 0, 0, 0, 0, 0, 0, 0, 0, 0, 0, 0, 0, 0, 0]
total time: 283.888 s
avg time: 6.759 s

final solution (found at iteration 40 )
final tabu list:
[0, 0, 117.0, 101.0, 133.0, 0, 0, 118.0, 0, 134.0, 120.0, 102.0, 0, 0, 121.0, 103.0, 0, 104.0, 110.0, 111.0, 0, 136.0, 0, 123.0, 0, 0, 137.0, 0, 0, 0, 138.0, 0, 0, 
0, 0, 0, 125.0, 126.0, 0, 0, 0, 0, 0, 0, 0, 0, 0, 0, 0, 105.0, 0, 0, 127.0, 0, 0, 
0, 0, 0, 0, 0, 0, 106.0, 140.0, 112.0, 0, 0, 128.0, 129.0, 0, 0, 0, 0, 107.0, 0, 0, 0, 0, 0, 0, 0, 0, 130.0, 0, 113.0, 0, 0, 114.0, 0, 0, 0, 131.0, 0, 0, 0, 0, 0, 0, 0, 108.0, 0, 0, 0, 0, 0, 0, 0, 0, 0, 0, 115.0, 0, 0, 0, 0, 0, 0, 0, 0, 109.0, 0, 0, 0, 0, 0, 0, 0, 0, 0, 0, 0, 0, 0, 0, 139.0, 0, 0, 0, 0, 0, 0, 0, 0, 0, 0, 0, 0, 0, 0, 0, 0, 0, 0, 0, 0, 0, 0, 0, 0, 0, 0, 0, 0, 0, 0, 0, 0, 0, 0, 0, 0, 0, 0, 0, 
0, 0, 0, 132.0, 0, 0, 0, 0, 0, 0, 0, 0, 0, 0, 0, 0, 0, 0, 0, 0, 0, 116.0, 0, 0, 0, 0, 0]
total time: 242.112 s
avg time: 6.053 s

final solution (found at iteration 45 )
final tabu list:
[107.0, 142.0, 132.0, 109.0, 0, 133.0, 139.0, 102.0, 0, 119.0, 110.0, 0, 0, 111.0, 120.0, 0, 0, 115.0, 136.0, 121.0, 112.0, 140.0, 103.0, 0, 122.0, 0, 0, 0, 123.0, 
0, 124.0, 0, 0, 125.0, 141.0, 0, 0, 0, 0, 0, 0, 126.0, 113.0, 0, 127.0, 104.0, 0, 
0, 0, 0, 0, 0, 143.0, 114.0, 0, 0, 0, 0, 0, 0, 144.0, 105.0, 0, 0, 0, 0, 0, 0, 0, 
128.0, 0, 0, 0, 116.0, 0, 0, 0, 0, 0, 145.0, 0, 0, 0, 0, 0, 0, 0, 129.0, 0, 0, 0, 
0, 0, 0, 0, 0, 0, 0, 0, 0, 0, 0, 0, 0, 0, 0, 0, 0, 0, 0, 0, 0, 0, 0, 0, 0, 0, 130.0, 0, 0, 0, 0, 0, 0, 0, 0, 0, 0, 0, 0, 0, 0, 0, 0, 0, 0, 0, 0, 0, 0, 0, 0, 0, 0, 0, 0, 0, 0, 0, 0, 0, 0, 0, 0, 0, 0, 106.0, 0, 0, 0, 0, 0, 117.0, 0, 0, 0, 0, 0, 0, 
0, 0, 0, 0, 0, 0, 118.0, 0, 0, 0, 0, 0, 0, 0, 0, 0, 0, 0, 0, 0, 0, 0, 0, 0, 0, 0, 
0, 0, 0, 0, 0]
total time: 300.141 s
avg time: 6.670 s

final solution (found at iteration 47 )
final tabu list:
[110.0, 0, 138.0, 0, 139.0, 0, 0, 143.0, 112.0, 0, 140.0, 141.0, 0, 101.0, 0, 0, 142.0, 113.0, 0, 120.0, 0, 0, 0, 102.0, 114.0, 0, 0, 0, 0, 0, 121.0, 0, 144.0, 115.0, 103.0, 122.0, 123.0, 0, 0, 0, 0, 0, 145.0, 0, 146.0, 124.0, 105.0, 0, 0, 111.0, 125.0, 0, 116.0, 0, 126.0, 0, 0, 147.0, 0, 0, 0, 0, 127.0, 0, 128.0, 0, 0, 0, 0, 
0, 0, 106.0, 0, 0, 107.0, 0, 0, 0, 108.0, 0, 0, 129.0, 130.0, 0, 0, 0, 0, 109.0, 0, 0, 0, 0, 0, 0, 0, 0, 0, 0, 0, 0, 0, 117.0, 0, 0, 131.0, 0, 0, 0, 0, 0, 0, 0, 0, 
0, 0, 0, 0, 0, 0, 0, 0, 132.0, 0, 0, 0, 0, 133.0, 0, 0, 0, 0, 0, 0, 0, 0, 0, 0, 0, 0, 0, 0, 0, 0, 0, 0, 0, 0, 0, 0, 0, 0, 0, 0, 0, 0, 0, 0, 0, 0, 0, 0, 0, 0, 0, 0, 
0, 0, 0, 0, 0, 0, 0, 134.0, 0, 0, 0, 0, 0, 0, 0, 0, 0, 0, 0, 0, 0, 0, 0, 0, 0, 0, 
0, 0, 0, 0, 0, 0, 0, 0, 0]
total time: 320.378 s
avg time: 6.817 s

final solution (found at iteration 49 )
final tabu list:
[145.0, 130.0, 138.0, 146.0, 134.0, 147.0, 132.0, 139.0, 148.0, 133.0, 0, 0, 136.0, 0, 0, 0, 119.0, 0, 111.0, 137.0, 0, 0, 0, 0, 0, 120.0, 101.0, 0, 0, 112.0, 140.0, 0, 0, 0, 0, 0, 121.0, 141.0, 0, 0, 102.0, 143.0, 103.0, 122.0, 0, 0, 0, 142.0, 0, 0, 0, 104.0, 0, 0, 0, 0, 0, 0, 0, 0, 0, 123.0, 0, 124.0, 0, 149.0, 125.0, 113.0, 0, 0, 129.0, 0, 0, 0, 0, 0, 0, 0, 105.0, 0, 0, 106.0, 0, 0, 107.0, 0, 0, 0, 0, 0, 144.0, 114.0, 0, 0, 0, 0, 126.0, 0, 0, 127.0, 0, 0, 0, 0, 0, 0, 0, 0, 0, 0, 0, 0, 0, 0, 0, 0, 0, 0, 0, 0, 0, 115.0, 128.0, 0, 0, 0, 0, 0, 0, 0, 108.0, 109.0, 0, 0, 0, 0, 0, 0, 0, 0, 0, 116.0, 0, 0, 0, 0, 0, 0, 0, 0, 0, 0, 0, 0, 0, 0, 0, 117.0, 0, 0, 0, 0, 0, 0, 0, 0, 0, 0, 0, 0, 0, 0, 0, 0, 0, 0, 0, 0, 0, 0, 0, 0, 0, 0, 0, 0, 0, 0, 0, 0, 0, 0, 0, 0, 0, 0, 0, 0, 0, 0]
total time: 318.102 s
avg time: 6.492 s

inal solution (found at iteration 49 )
final tabu list:
[101.0, 121.0, 0, 0, 0, 0, 0, 122.0, 142.0, 0, 0, 0, 0, 0, 113.0, 0, 114.0, 102.0, 0, 0, 115.0, 144.0, 149.0, 0, 123.0, 124.0, 0, 0, 125.0, 126.0, 127.0, 0, 0, 0, 0, 128.0, 0, 0, 0, 129.0, 104.0, 105.0, 106.0, 130.0, 0, 0, 145.0, 131.0, 0, 0, 0, 
0, 116.0, 0, 0, 0, 117.0, 0, 0, 0, 118.0, 0, 0, 0, 0, 0, 0, 0, 0, 132.0, 0, 0, 0, 
107.0, 146.0, 133.0, 0, 134.0, 0, 0, 0, 0, 0, 119.0, 0, 0, 0, 0, 108.0, 0, 0, 0, 0, 0, 0, 0, 0, 0, 0, 0, 0, 135.0, 0, 0, 0, 0, 0, 0, 0, 0, 0, 136.0, 137.0, 109.0, 0, 0, 0, 0, 0, 0, 110.0, 0, 138.0, 0, 111.0, 0, 0, 0, 0, 0, 0, 112.0, 0, 147.0, 0, 
0, 0, 139.0, 140.0, 0, 148.0, 0, 120.0, 0, 0, 0, 0, 0, 0, 0, 0, 0, 0, 0, 0, 0, 0, 
0, 0, 0, 0, 0, 0, 0, 0, 0, 0, 0, 0, 0, 0, 0, 0, 0, 0, 0, 0, 0, 0, 0, 0, 0, 0, 0, 0, 0, 0, 0, 0, 0, 0, 0, 0, 0, 0, 0, 0, 0, 0, 0]
total time: 286.731 s
avg time: 5.852 s

final solution (found at iteration 43 )
final tabu list:
[0, 134.0, 136.0, 119.0, 101.0, 138.0, 102.0, 0, 103.0, 121.0, 0, 104.0, 0, 0, 0, 
125.0, 0, 122.0, 113.0, 0, 0, 123.0, 0, 0, 139.0, 126.0, 0, 0, 0, 0, 0, 140.0, 0, 
105.0, 0, 0, 0, 0, 114.0, 0, 0, 0, 106.0, 0, 0, 0, 0, 141.0, 142.0, 0, 0, 127.0, 0, 0, 128.0, 108.0, 0, 0, 0, 0, 109.0, 0, 0, 115.0, 0, 132.0, 0, 0, 0, 0, 0, 0, 0, 
0, 0, 0, 0, 0, 0, 0, 129.0, 0, 0, 0, 0, 110.0, 0, 0, 0, 0, 0, 0, 116.0, 0, 0, 0, 0, 0, 0, 130.0, 131.0, 0, 143.0, 117.0, 0, 0, 0, 0, 0, 133.0, 0, 111.0, 0, 0, 0, 0, 0, 0, 0, 0, 0, 0, 0, 0, 0, 0, 0, 0, 112.0, 0, 0, 0, 0, 0, 0, 0, 0, 0, 0, 0, 0, 0, 0, 0, 0, 0, 0, 0, 0, 118.0, 0, 0, 0, 0, 0, 0, 0, 0, 0, 0, 0, 0, 0, 0, 0, 0, 0, 0, 0, 0, 0, 0, 0, 0, 0, 0, 0, 0, 0, 0, 0, 0, 0, 0, 0, 0, 0, 0, 0, 0, 0, 0, 0, 0, 0, 
0, 0, 0, 0, 0]
total time: 255.219 s
avg time: 5.935 s

final solution (found at iteration 46 )
final tabu list:
[145.0, 133.0, 0, 102.0, 103.0, 135.0, 0, 137.0, 138.0, 121.0, 122.0, 0, 139.0, 112.0, 0, 123.0, 0, 0, 0, 0, 140.0, 113.0, 124.0, 0, 0, 0, 114.0, 0, 0, 104.0, 0, 125.0, 105.0, 106.0, 0, 0, 0, 0, 126.0, 141.0, 0, 0, 107.0, 0, 128.0, 108.0, 0, 0, 116.0, 0, 0, 134.0, 0, 0, 0, 142.0, 0, 0, 0, 117.0, 0, 146.0, 118.0, 0, 0, 109.0, 0, 0, 0, 0, 0, 0, 0, 0, 0, 0, 0, 0, 0, 0, 0, 0, 0, 0, 0, 0, 0, 0, 0, 0, 0, 143.0, 0, 129.0, 0, 0, 0, 0, 0, 0, 0, 119.0, 0, 0, 0, 0, 0, 0, 0, 0, 130.0, 0, 0, 0, 131.0, 0, 0, 0, 0, 120.0, 0, 0, 0, 0, 0, 0, 110.0, 0, 0, 0, 0, 0, 0, 0, 0, 0, 0, 0, 0, 
0, 0, 0, 0, 0, 0, 0, 0, 0, 0, 0, 132.0, 0, 0, 0, 0, 0, 0, 0, 0, 0, 0, 0, 144.0, 0, 0, 0, 0, 0, 0, 0, 0, 0, 0, 0, 0, 0, 0, 0, 0, 0, 0, 0, 0, 0, 0, 0, 0, 0, 0, 0, 0, 
0, 0, 0, 0, 0, 0, 0, 0, 0]
total time: 261.663 s
avg time: 5.688 s

final solution (found at iteration 45 )
final tabu list:
[0, 138.0, 0, 133.0, 116.0, 0, 141.0, 135.0, 0, 0, 0, 118.0, 136.0, 112.0, 120.0, 
137.0, 0, 0, 119.0, 121.0, 0, 142.0, 0, 0, 123.0, 0, 0, 0, 0, 0, 0, 0, 114.0, 0, 0, 0, 0, 0, 0, 0, 140.0, 124.0, 0, 125.0, 0, 0, 143.0, 0, 0, 144.0, 103.0, 0, 0, 104.0, 0, 0, 0, 0, 0, 0, 0, 145.0, 126.0, 0, 127.0, 0, 0, 0, 0, 0, 0, 0, 105.0, 106.0, 0, 0, 0, 0, 0, 0, 0, 0, 0, 0, 0, 107.0, 108.0, 0, 0, 0, 0, 128.0, 0, 0, 0, 0, 0, 0, 0, 0, 0, 0, 0, 0, 0, 0, 0, 0, 0, 0, 0, 0, 0, 129.0, 0, 0, 0, 0, 0, 0, 0, 0, 0, 0, 0, 0, 0, 0, 0, 0, 0, 0, 0, 0, 0, 130.0, 0, 0, 109.0, 115.0, 0, 0, 0, 0, 0, 0, 0, 0, 0, 0, 0, 0, 0, 0, 0, 0, 0, 0, 0, 0, 0, 0, 0, 0, 0, 110.0, 0, 0, 0, 0, 0, 0, 0, 0, 0, 0, 0, 0, 0, 0, 0, 0, 0, 0, 0, 0, 131.0, 0, 0, 0, 0, 0, 0, 0, 0, 0, 0, 0, 0, 0]
total time: 243.118 s
avg time: 5.403 s

final solution (found at iteration 45 )
final tabu list:
[111.0, 134.0, 140.0, 136.0, 112.0, 0, 119.0, 123.0, 137.0, 0, 124.0, 0, 0, 138.0, 103.0, 0, 0, 0, 0, 0, 114.0, 104.0, 115.0, 125.0, 0, 0, 0, 139.0, 0, 116.0, 0, 0, 0, 141.0, 126.0, 117.0, 142.0, 0, 143.0, 0, 0, 0, 0, 0, 127.0, 0, 0, 0, 105.0, 0, 0, 0, 128.0, 0, 0, 0, 106.0, 0, 118.0, 0, 144.0, 0, 0, 0, 0, 0, 0, 0, 0, 0, 0, 107.0, 0, 120.0, 0, 0, 121.0, 0, 0, 0, 129.0, 130.0, 0, 0, 0, 108.0, 0, 0, 0, 0, 0, 
0, 0, 0, 0, 109.0, 0, 0, 0, 0, 0, 131.0, 0, 0, 0, 0, 0, 0, 0, 0, 0, 0, 132.0, 0, 0, 0, 0, 0, 0, 133.0, 0, 0, 0, 0, 0, 0, 0, 0, 0, 0, 0, 0, 0, 0, 0, 0, 0, 0, 145.0, 
110.0, 0, 0, 0, 0, 0, 0, 0, 0, 0, 0, 0, 0, 0, 122.0, 0, 0, 0, 0, 0, 0, 0, 0, 0, 0, 0, 0, 0, 0, 0, 0, 0, 0, 135.0, 0, 0, 0, 0, 0, 0, 0, 0, 0, 0, 0, 0, 0, 0, 0, 0, 0, 0, 0, 0, 0, 0, 0, 0, 0, 0, 0]
total time: 265.664 s
avg time: 5.904 s