final solution (found at iteration 18 )
final tabu list:
[35.0, 32.0, 29.0, 43.0, 40.0, 41.0, 26.0, 42.0, 33.0, 0, 31.0, 0, 0, 36.0, 0, 34.0, 0, 0, 0, 0, 0, 0, 28.0, 0, 0, 0, 0, 0, 0, 0, 0, 0, 0, 0, 27.0, 0, 0, 0, 38.0, 0, 0, 0, 0, 0, 0, 0, 0, 0, 0, 0]
total time: 5.708 s
avg time: 0.317 s

final solution (found at iteration 10 )
final tabu list:
[35.0, 0, 26.0, 29.0, 0, 0, 0, 0, 0, 32.0, 31.0, 0, 0, 28.0, 0, 33.0, 0, 0, 0, 0, 
0, 34.0, 0, 0, 0, 0, 30.0, 0, 0, 0, 27.0, 0, 0, 0, 0, 0, 0, 0, 0, 0, 0, 0, 0, 0, 0, 0, 0, 0, 0, 0]
total time: 2.962 s
avg time: 0.296 s

final solution (found at iteration 20 )
final tabu list:
[33.0, 34.0, 31.0, 30.0, 37.0, 42.0, 43.0, 0, 32.0, 41.0, 39.0, 0, 0, 36.0, 0, 0, 
0, 40.0, 0, 0, 0, 44.0, 0, 28.0, 0, 0, 0, 0, 38.0, 45.0, 0, 0, 0, 0, 0, 29.0, 0, 0, 0, 0, 0, 0, 0, 0, 0, 0, 0, 0, 0, 0]
total time: 6.400 s
avg time: 0.320 s

final solution (found at iteration 15 )
final tabu list:
[40.0, 26.0, 37.0, 38.0, 0, 27.0, 0, 0, 29.0, 30.0, 0, 39.0, 0, 0, 31.0, 0, 0, 32.0, 35.0, 36.0, 0, 28.0, 0, 0, 0, 0, 0, 0, 0, 0, 0, 0, 0, 0, 0, 0, 0, 0, 0, 0, 0, 0, 0, 0, 0, 0, 0, 0, 0, 0]
total time: 4.990 s
avg time: 0.333 s

final solution (found at iteration 17 )
final tabu list:
[30.0, 37.0, 38.0, 26.0, 35.0, 0, 39.0, 36.0, 0, 33.0, 34.0, 28.0, 40.0, 42.0, 31.0, 29.0, 27.0, 0, 0, 0, 0, 0, 0, 0, 0, 0, 0, 0, 32.0, 0, 0, 0, 0, 0, 0, 0, 0, 0, 0, 0, 0, 0, 0, 0, 0, 0, 0, 0, 0, 0]
total time: 6.150 s
avg time: 0.362 s

final solution (found at iteration 16 )
final tabu list:
[34.0, 37.0, 41.0, 38.0, 39.0, 27.0, 0, 40.0, 32.0, 0, 0, 0, 28.0, 0, 0, 0, 0, 0, 
0, 0, 26.0, 0, 0, 0, 0, 0, 0, 33.0, 0, 0, 0, 0, 0, 0, 0, 0, 0, 0, 29.0, 0, 0, 0, 0, 0, 0, 0, 0, 0, 0, 0]
total time: 4.813 s
avg time: 0.301 s

final solution (found at iteration 15 )
final tabu list:
[26.0, 36.0, 35.0, 0, 31.0, 33.0, 0, 0, 0, 0, 0, 37.0, 38.0, 0, 0, 27.0, 0, 0, 0, 
0, 0, 0, 34.0, 0, 30.0, 0, 0, 28.0, 0, 0, 0, 0, 0, 0, 0, 0, 39.0, 0, 40.0, 0, 0, 0, 0, 0, 0, 0, 0, 0, 0, 0]
total time: 4.959 s
avg time: 0.331 s

final solution (found at iteration 16 )
final tabu list:
[32.0, 39.0, 37.0, 28.0, 0, 0, 26.0, 38.0, 0, 0, 0, 29.0, 0, 0, 34.0, 35.0, 0, 40.0, 0, 0, 0, 0, 0, 0, 27.0, 0, 0, 0, 0, 0, 0, 0, 0, 41.0, 0, 0, 0, 0, 0, 0, 0, 0, 0, 0, 0, 0, 0, 0, 0, 0]
total time: 6.263 s
avg time: 0.391 s

final solution (found at iteration 16 )
final tabu list:
[26.0, 38.0, 0, 39.0, 35.0, 0, 40.0, 36.0, 0, 41.0, 28.0, 30.0, 31.0, 0, 0, 32.0, 
0, 0, 0, 0, 0, 0, 0, 0, 0, 0, 0, 0, 0, 0, 0, 34.0, 0, 0, 0, 0, 0, 0, 0, 0, 0, 0, 29.0, 37.0, 0, 0, 0, 0, 0, 0]
total time: 5.732 s
avg time: 0.358 s

final solution (found at iteration 16 )
final tabu list:
[35.0, 38.0, 32.0, 39.0, 0, 40.0, 33.0, 36.0, 0, 41.0, 27.0, 0, 0, 0, 0, 0, 28.0, 
0, 37.0, 29.0, 0, 0, 0, 0, 0, 0, 0, 0, 0, 0, 0, 0, 0, 0, 0, 0, 0, 0, 0, 0, 0, 0, 0, 0, 0, 0, 0, 0, 0, 0]
total time: 5.774 s
avg time: 0.361 s